3.739067167043686 Test loss (%)
98.85714054107666 Test accuracy (%)

98.69622007530346 Kappa accuracy (%)
98.85714285714286 Overall accuracy (%)
97.35303236467394 Average accuracy (%)

                              precision    recall  f1-score   support

                     Alfalfa       0.94      1.00      0.97        32
                 Corn-notill       0.97      0.97      0.97      1000
                Corn-mintill       1.00      0.99      0.99       581
                        Corn       1.00      0.96      0.98       166
               Grass-pasture       0.99      1.00      0.99       338
                 Grass-trees       0.99      1.00      1.00       511
         Grass-pasture-mowed       1.00      0.95      0.97        20
               Hay-windrowed       1.00      1.00      1.00       335
                        Oats       1.00      0.93      0.96        14
              Soybean-notill       0.99      1.00      1.00       680
             Soybean-mintill       0.99      1.00      0.99      1719
               Soybean-clean       0.97      0.97      0.97       415
                       Wheat       1.00      0.99      0.99       143
                       Woods       1.00      1.00      1.00       886
Buildings-Grass-Trees-Drives       1.00      1.00      1.00       270
          Stone-Steel-Towers       1.00      0.83      0.91        65

                    accuracy                           0.99      7175
                   macro avg       0.99      0.97      0.98      7175
                weighted avg       0.99      0.99      0.99      7175

[[  32    0    0    0    0    0    0    0    0    0    0    0    0    0
     0    0]
 [   2  966    0    0    0    0    0    0    0    5   24    0    0    3
     0    0]
 [   0    3  576    0    1    0    0    0    0    0    1    0    0    0
     0    0]
 [   0    6    0  160    0    0    0    0    0    0    0    0    0    0
     0    0]
 [   0    0    0    0  338    0    0    0    0    0    0    0    0    0
     0    0]
 [   0    0    0    0    0  510    0    0    0    0    1    0    0    0
     0    0]
 [   0    0    0    0    1    0   19    0    0    0    0    0    0    0
     0    0]
 [   0    0    0    0    0    0    0  335    0    0    0    0    0    0
     0    0]
 [   0    0    1    0    0    0    0    0   13    0    0    0    0    0
     0    0]
 [   0    0    0    0    0    0    0    0    0  679    0    0    0    1
     0    0]
 [   0    4    0    0    0    3    0    0    0    0 1712    0    0    0
     0    0]
 [   0   12    0    0    0    0    0    0    0    0    0  403    0    0
     0    0]
 [   0    0    0    0    2    0    0    0    0    0    0    0  141    0
     0    0]
 [   0    0    0    0    0    0    0    0    0    0    0    0    0  886
     0    0]
 [   0    0    0    0    1    0    0    0    0    0    0    0    0    0
   269    0]
 [   0    0    0    0    0    0    0    0    0    0    0   11    0    0
     0   54]]